frame,value
0,0.0009319988
0.000932,0.001286001
0.002218,0.001155761
0.003374,0.001494562
0.004868,0.0008272661
0.005696,0.0010475
0.006743,0.001279708
0.008023,0.0009602075
0.008983,0.0007064427
0.009689,0.0007469988
0.010436,0.001085535
0.011522,0.0006909104
0.012213,0.000666174
0.012879,0.0006256654
0.013505,0.001252529
0.014757,0.0005987389
0.015356,0.0006080485
0.015964,0.001102352
0.017066,0.0005468315
0.017613,0.0006189735
0.018232,0.0007192195
0.018951,0.0006081905
0.01956,0.0006632066
0.020223,0.0006122992
0.020835,0.0006752387
0.02151,0.0005886211
0.022099,0.0005407678
0.02264,0.0005399456
0.02318,0.0007707156
0.02395,0.0005686986
0.024519,0.0007979638
0.025317,0.0005574407
0.025875,0.0005557959
0.02643,0.0005201705
0.02695,0.0008405217
0.027791,0.0005556815
0.028347,0.0007342544
0.029081,0.000500882
0.029582,0.0005959987
0.030178,0.0005592313
0.030737,0.0008644401
0.031601,0.0006571457
0.032259,0.0005198047
0.032778,0.0009882072
0.033767,0.0005115548
0.034278,0.0009601597
0.035238,0.0005665756
0.035805,0.0006425778
0.036448,0.0006497274
0.037097,0.0005373191
0.037635,0.0007478014
0.038382,0.0005508731
0.038933,0.0009256066
0.039859,0.0006940165
0.040553,0.0005310553
0.041084,0.0007113678
0.041795,0.0005449295
0.04234,0.0008656793
0.043206,0.0005183733
0.043724,0.0008992675
0.044624,0.0005362816
0.04516,0.0008461282
0.046006,0.0009055799
0.046912,0.0006295073
0.047541,0.0005058257
0.048047,0.0007392948
0.048786,0.0006185364
0.049405,0.0006433695
0.050048,0.0005141914
0.050562,0.000507261
0.05107,0.0005082579
0.051578,0.0005007188
0.052078,0.0005517858
0.05263,0.0005871832
0.053217,0.0007603369
0.053978,0.0007337701
0.054712,0.0005236408
0.055235,0.0005018628
0.055737,0.0007943499
0.056531,0.0005224023
0.057054,0.0005989073
0.057653,0.0005388265
0.058192,0.0006263918
0.058818,0.0005297644
0.059348,0.0005338559
0.059882,0.0006876723
0.060569,0.0005968395
0.061166,0.0007403534
0.061906,0.0006654258
0.062572,0.0005907379
0.063163,0.0006311317
0.063794,0.0006830206
0.064477,0.0006845475
0.065161,0.0006673462
0.065829,0.0005244945
0.066353,0.0009414734
0.067295,0.0008801192
0.068175,0.0005119207
0.068687,0.0005257155
0.069212,0.0007249026
0.069937,0.0005272977
0.070465,0.0005093005
0.070974,0.0005555251
0.071529,0.0006885878
0.072218,0.0005678819
0.072786,0.0007674056
0.073553,0.0007146618
0.074268,0.001165684
0.075434,0.0005752385
0.076009,0.0005265673
0.076535,0.0005357864
0.077071,0.000500255
0.077571,0.0005139815
0.078085,0.0007935477
0.078879,0.0005686699
0.079448,0.0006710797
0.080119,0.0005036235
0.080622,0.0005368655
0.081159,0.0007649784
0.081924,0.0005992334
0.082523,0.0006825452
0.083206,0.0005242622
0.08373,0.0006094277
0.08434,0.0006088185
0.084948,0.0008202318
0.085769,0.0007344381
0.086503,0.0005923579
0.087096,0.0005629578
0.087658,0.0005225664
0.088181,0.0007908996
0.088972,0.0009412455
0.089913,0.0006246826
0.090538,0.0006221508
0.09116,0.0008840438
0.092044,0.0005659488
0.09261,0.000601381
0.093211,0.0005418724
0.093753,0.0005029867
0.094256,0.0008942495
0.09515,0.0006782029
0.095829,0.0005130508
0.096342,0.0008595827
0.097201,0.0006051998
0.097807,0.0005051506
0.098312,0.0005081276
0.09882,0.0005063917
0.099326,0.0006381361
0.099964,0.0005669469
0.100531,0.0006958793
0.101227,0.0005287841
0.101756,0.0005644949
0.10232,0.0007539538
0.103074,0.0005113223
0.103586,0.0005653074
0.104151,0.0007482233
0.104899,0.0005279274
0.105427,0.0005437697
0.105971,0.0005879053
0.106559,0.0005599999
0.107119,0.0005576792
0.107677,0.0005833811
0.10826,0.0006395477
0.108899,0.0005815523
0.109481,0.0005809565
0.110062,0.0005211881
0.110583,0.0006524695
0.111236,0.0006843639
0.11192,0.0007451556
0.112665,0.0006365514
0.113302,0.0006119335
0.113914,0.0006373544
0.114551,0.0006039482
0.115155,0.0005803939
0.115735,0.0006108558
0.116346,0.0006458389
0.116992,0.0005496506
0.117542,0.0008487651
0.11839,0.000527224
0.118918,0.000808758
0.119726,0.000545059
0.120271,0.0006263854
0.120898,0.0006576041
0.121555,0.0006363339
0.122192,0.0005785008
0.12277,0.0007207854
0.123491,0.0007305266
0.124222,0.0005877406
0.124809,0.0006069824
0.125416,0.0006037642
0.12602,0.0006487016
0.126669,0.000619144
0.127288,0.0005376724
0.127826,0.0005368694
0.128362,0.0007116796
0.129074,0.0005255376
0.1296,0.0005274077
0.130127,0.0007980936
0.130925,0.0005005749
0.131426,0.0005399244
0.131966,0.0005471519
0.132513,0.0007866375
0.1333,0.0006644581
0.133964,0.0006495389
0.134613,0.0009981497
0.135612,0.000537099
0.136149,0.0005431197
0.136692,0.0008354728
0.137527,0.0007745739
0.138302,0.0005379481
0.13884,0.001057097
0.139897,0.0009605144
0.140857,0.0005039228
0.141361,0.0006198297
0.141981,0.0009859899
0.142967,0.0005220396
0.143489,0.0006447552
0.144134,0.0005860025
0.14472,0.0005534363
0.145273,0.0008877391
0.146161,0.0005114019
0.146673,0.0006488273
0.147321,0.0006489892
0.14797,0.001299326
0.14927,0.0005293923
0.149799,0.001134973
0.150934,0.0006922767
0.151626,0.000736051
0.152362,0.000670822
0.153033,0.0005398513
0.153573,0.0005095999
0.154083,0.0006453327
0.154728,0.0006415796
0.15537,0.0005681811
0.155938,0.0008829078
0.156821,0.0005324223
0.157353,0.001074188
0.158427,0.0005448938
0.158972,0.0005376875
0.15951,0.0005496296
0.16006,0.0005112684
0.160571,0.0005259597
0.161097,0.0006365376
0.161733,0.000764409
0.162498,0.0006491793
0.163147,0.0007999892
0.163947,0.001027695
0.164975,0.0005768309
0.165551,0.0009040593
0.166455,0.0009026498
0.167358,0.0005289337
0.167887,0.0005264475
0.168413,0.0005395508
0.168953,0.0005176195
0.169471,0.00050929
0.16998,0.0005142348
0.170494,0.0006657735
0.17116,0.0005685964
0.171729,0.0005290115
0.172258,0.0007054998
0.172963,0.0007418865
0.173705,0.0005656527
0.174271,0.0005266149
0.174797,0.0006510968
0.175448,0.0009668053
0.176415,0.0007171558
0.177132,0.0007432231
0.177875,0.0007351779
0.178611,0.000744181
0.179355,0.0005450371
0.1799,0.0007847364
0.180685,0.0006916487
0.181376,0.000578031
0.181954,0.0005579584
0.182512,0.0005202868
0.183033,0.0005256186
0.183558,0.0006845752
0.184243,0.000542496
0.184785,0.0005003573
0.185286,0.0005606926
0.185846,0.0005899463
0.186436,0.0005834107
0.18702,0.0006014813
0.187621,0.0005877696
0.188209,0.0005229319
0.188732,0.0007716636
0.189503,0.0007854354
0.190289,0.0005448601
0.190834,0.0006362005
0.19147,0.0006140869
0.192084,0.0006337358
0.192718,0.0005180822
0.193236,0.0005119072
0.193748,0.0006934658
0.194441,0.0006175705
0.195059,0.0005267109
0.195586,0.0005056135
0.196091,0.000647086
0.196738,0.0006201316
0.197358,0.0005353803
0.197894,0.000754211
0.198648,0.0007451056
0.199393,0.001200697
0.200594,0.0005468911
0.201141,0.0006181262
0.201759,0.0007265687
0.202485,0.0006102681
0.203096,0.001176573
0.204272,0.0006696928
0.204942,0.0005713431
0.205513,0.0005725003
0.206086,0.0005686521
0.206654,0.0006815919
0.207336,0.0005948059
0.207931,0.001091603
0.209022,0.0005246829
0.209547,0.0006193008
0.210166,0.0008715863
0.211038,0.0005199622
0.211558,0.0006234792
0.212181,0.0009421392
0.213124,0.0006412833
0.213765,0.000623851
0.214389,0.0007372761
0.215126,0.0006306437
0.215757,0.001073693
0.21683,0.000653341
0.217484,0.0006416752
0.218125,0.0006293044
0.218755,0.0006348409
0.219389,0.0006381129
0.220028,0.0006349986
0.220663,0.0006823661
0.221345,0.0005967939
0.221942,0.0007401879
0.222682,0.0005916201
0.223274,0.0007338032
0.224007,0.0007557324
0.224763,0.0007222447
0.225485,0.0007737856
0.226259,0.00100106
0.22726,0.0007295042
0.22799,0.0008408988
0.228831,0.0007823345
0.229613,0.0007907756
0.230404,0.0005592167
0.230963,0.000851907
0.231815,0.001617418
0.233432,0.000970415
0.234403,0.0009883563
0.235391,0.001101179
0.236492,0.0006311465
0.237123,0.001039779
0.238163,0.001389261
0.239552,0.0006415365
0.240194,0.000746117
0.24094,0.0007888319
0.241729,0.0006738097
0.242403,0.0009863651
0.243389,0.0008723577
0.244261,0.0009768893
0.245238,0.0007250714
0.245963,0.0007795566
0.246743,0.001009353
0.247752,0.001152999
0.248905,0.0008897585
0.249795,0.000566485
0.250361,0.01845309
0.268815,0.01455723
0.283372,0.01703588
0.300408,0.01665929
0.317067,0.01907704
0.336144,0.01779535
0.353939,0.0166514
0.370591,0.01486468
0.385455,0.01375384
0.399209,0.01581356
0.415023,0.01375875
0.428782,0.0158728
0.444654,0.01451911
0.459173,0.02132664
0.4805,0.01378469
0.494285,0.01530362
0.509588,0.01454026
0.524129,0.02013533
0.544264,0.01788126
0.562145,0.01377141
0.575917,0.02324595
0.599163,0.01395317
0.613116,0.02421434
0.63733,0.01601894
0.653349,0.01859358
0.671943,0.01669732
0.68864,0.02389336
0.712533,0.02082187
0.733355,0.0274813
0.760837,0.0236929
0.784529,0.02446511
0.808995,0.02229872
0.831293,0.02819734
0.859491,0.01386716
0.873358,0.03965437
0.913012,0.01875908
0.931771,0.02676779
0.958539,0.01665828
0.975197,0.01700052
0.992198,0.0183539
1.010552,0.01997823
1.03053,0.02258259
1.053113,0.02848028
1.081593,0.03148745
1.11308,0.0198113
1.132892,0.03238824
1.16528,0.04575308
1.211033,0.03134552
1.242378,0.02110226
1.263481,0.03457405
1.298055,0.02053118
1.318586,0.02604336
1.344629,0.02595587
1.370585,0.04503821
1.415623,0.014235
1.429858,0.01709985
1.446958,0.01954733
1.466505,0.0179822
1.484488,0.01658407
1.501072,0.01526712
1.516339,0.01395646
1.530295,0.01595017
1.546246,0.01647967
1.562725,0.01409345
1.576819,0.0141157
1.590934,0.01418384
1.605118,0.01719882
1.622317,0.01859955
1.640917,0.0149457
1.655862,0.01681399
1.672676,0.01444105
1.687117,0.01511004
1.702227,0.02077413
1.723001,0.01404464
1.737046,0.01577209
1.752818,0.01732333
1.770142,0.01613898
1.78628,0.02373083
1.810011,0.01483917
1.82485,0.02162191
1.846472,0.01442699
1.860899,0.02039702
1.881296,0.01792691
1.899223,0.01407653
1.9133,0.01762724
1.930927,0.01769129
1.948618,0.02389497
1.972513,0.01686285
1.989376,0.01481207
2.004188,0.01423208
2.01842,0.01673013
2.03515,0.01439507
2.049546,0.01442258
2.063968,0.0227504
2.086719,0.01467392
2.101392,0.01375894
2.115151,0.01385439
2.129006,0.01382765
2.142833,0.01411415
2.156948,0.0137816
2.170729,0.0143383
2.185067,0.01389806
2.198966,0.01522694
2.214192,0.01380252
2.227995,0.01527494
2.24327,0.01464254
2.257912,0.01532101
2.273233,0.0147176
2.287951,0.01440527
2.302356,0.01641135
2.318768,0.01538697
2.334155,0.01782952
2.351984,0.01707157
2.369056,0.01388429
2.38294,0.01468811
2.397628,0.01602394
2.413652,0.01548759
2.42914,0.01532736
2.444467,0.01573746
2.460205,0.01461927
2.474824,0.01782143
2.492645,0.01698388
2.509629,0.01546479
2.525094,0.0151676
2.540261,0.01718845
2.55745,0.01519185
2.572642,0.01590495
2.588547,0.01525333
2.6038,0.0142229
2.618023,0.01815926
2.636182,0.01741751
2.6536,0.01772622
2.671326,0.01759412
2.68892,0.01756804
2.706488,0.01563652
2.722125,0.01381375
2.735938,0.01488793
2.750826,0.01565751
2.766484,0.01465437
2.781138,0.01670302
2.797841,0.01496274
2.812804,0.01492607
2.82773,0.01659616
2.844326,0.01528533
2.859611,0.0199803
2.879592,0.01570642
2.895298,0.01669612
2.911994,0.01599645
2.927991,0.01461649
2.942607,0.01608562
2.958693,0.01385679
2.97255,0.02064137
2.993191,0.0178856
3.011077,0.01647156
3.027548,0.01673585
3.044284,0.01616395
3.060448,0.01477604
3.075224,0.0160051
3.091229,0.01443127
3.10566,0.01500902
3.120669,0.01627416
3.136944,0.01474364
3.151687,0.01578537
3.167473,0.02030257
3.187775,0.01860466
3.20638,0.01567234
3.222052,0.02713958
3.249192,0.01963378
3.268826,0.02317599
3.292002,0.01435409
3.306356,0.02889785
3.335253,0.01914457
3.354398,0.02531198
3.37971,0.04156423
3.421274,0.055
3.476274,0.02996102
3.506235,0.03578349
3.542019,0.055
3.597019,0.05152641
3.648545,0.0387568
3.687302,0.055
3.742302,0.055
3.797302,0.055
3.852302,0.04133485
3.893637,0.04610151
3.939738,0.055
3.994738,0.055
