frame,value
0,0.002027491
0.002027,0.002596047
0.004624,0.002898824
0.007522,0.002066448
0.009589,0.002204458
0.011793,0.001809626
0.013603,0.002193352
0.015796,0.002004765
0.017801,0.002119656
0.019921,0.002193829
0.022114,0.002076311
0.024191,0.001759889
0.025951,0.002071502
0.028022,0.001955504
0.029978,0.001880698
0.031858,0.001956787
0.033815,0.002149455
0.035965,0.002254541
0.038219,0.001899238
0.040118,0.001812977
0.041931,0.001750116
0.043682,0.001862513
0.045544,0.001875779
0.04742,0.00181772
0.049238,0.001771647
0.051009,0.001782564
0.052792,0.00177977
0.054572,0.002018856
0.05659,0.002181409
0.058772,0.001843104
0.060615,0.001970183
0.062585,0.001768894
0.064354,0.002158067
0.066512,0.001824591
0.068337,0.00184675
0.070183,0.001895256
0.072079,0.002104817
0.074183,0.001805055
0.075988,0.001957154
0.077946,0.001778063
0.079724,0.002093828
0.081818,0.001822445
0.08364,0.001848309
0.085488,0.001822636
0.087311,0.002005848
0.089317,0.002020332
0.091337,0.001956567
0.093294,0.001767323
0.095061,0.001897057
0.096958,0.001961804
0.09892,0.00199254
0.100912,0.001751629
0.102664,0.001754322
0.104418,0.001857511
0.106276,0.001999034
0.108275,0.001855966
0.110131,0.001961562
0.112092,0.001857426
0.11395,0.001864074
0.115814,0.001970287
0.117784,0.001767223
0.119551,0.00181909
0.121371,0.001812981
0.123183,0.001912444
0.125096,0.001755171
0.126851,0.001826244
0.128677,0.001978068
0.130655,0.001788745
0.132444,0.001848859
0.134293,0.001981588
0.136275,0.001751523
0.138026,0.001767467
0.139794,0.001834638
0.141628,0.001861682
0.14349,0.001754592
0.145245,0.001927002
0.147172,0.001931551
0.149103,0.001935879
0.151039,0.01078125
0.16182,0.01091074
0.172731,0.01126504
0.183996,0.01010976
0.194106,0.01060551
0.204711,0.01001738
0.214729,0.01048866
0.225217,0.01035463
0.235572,0.01010032
0.245672,0.01115509
0.256827,0.01042058
0.267248,0.01214292
0.279391,0.01089519
0.290286,0.01235405
0.30264,0.01015119
0.312791,0.01078075
0.323572,0.01002489
0.333597,0.01013728
0.343734,0.01011989
0.353854,0.01002028
0.363874,0.01049086
0.374365,0.01013323
0.384498,0.01004959
0.394548,0.01000471
0.404553,0.01150801
0.416061,0.01043817
0.426499,0.01081221
0.437311,0.01010927
0.44742,0.01037999
0.4578,0.0101657
0.467966,0.01027432
0.47824,0.0100786
0.488319,0.01004029
0.498359,0.01046588
0.508825,0.01022618
0.519051,0.01063814
0.529689,0.01000204
0.539692,0.01053153
0.550223,0.01098982
0.561213,0.01054139
0.571754,0.01065846
0.582413,0.01114148
0.593554,0.01040096
0.603955,0.01206173
0.616017,0.01240941
0.628426,0.01198518
0.640411,0.01021744
0.650629,0.01434386
0.664973,0.01426933
0.679242,0.01115107
0.690393,0.01268173
0.703075,0.01033176
0.713407,0.01161092
0.725018,0.01289807
0.737916,0.01176539
0.749681,0.01047235
0.760153,0.01238519
0.772539,0.01135242
0.783891,0.01257155
0.796463,0.01167398
0.808137,0.01030705
0.818444,0.0101824
0.828626,0.01135288
0.839979,0.0119463
0.851925,0.01040757
0.862333,0.0115751
0.873908,0.01037346
0.884281,0.01172662
0.896008,0.01051112
0.906519,0.01036144
0.91688,0.01035043
0.927231,0.01160453
0.938835,0.01354312
0.952379,0.01075055
0.963129,0.01023891
0.973368,0.01008771
0.983456,0.02083465
1.00429,0.01361308
1.017903,0.01148704
1.02939,0.01079111
1.040182,0.01415542
1.054337,0.01016668
1.064504,0.01161188
1.076116,0.01234814
1.088464,0.01268366
1.101147,0.01349838
1.114646,0.01270734
1.127353,0.01137205
1.138725,0.01122625
1.149951,0.01003983
1.159991,0.01072393
1.170715,0.01094105
1.181656,0.01918653
1.200843,0.01034134
1.211184,0.01095095
1.222135,0.01229539
1.23443,0.01104319
1.245474,0.01683356
1.262307,0.01476009
1.277067,0.011645
1.288712,0.01011488
1.298827,0.01024495
1.309072,0.01107631
1.320148,0.01186686
1.332015,0.01109401
1.343109,0.01457352
1.357683,0.01062772
1.36831,0.01394765
1.382258,0.01070053
1.392959,0.01269732
1.405656,0.01009076
1.415747,0.01130821
1.427055,0.01099681
1.438052,0.01084791
1.4489,0.01236447
1.461264,0.01193142
1.473196,0.01362261
1.486818,0.012341
1.499159,0.01020195
1.509361,0.01197158
1.521333,0.01027152
1.531604,0.01293343
1.544538,0.01224181
1.556779,0.011281
1.56806,0.0114076
1.579468,0.01056318
1.590031,0.01401981
1.604051,0.0104192
1.61447,0.01023984
1.62471,0.01124505
1.635955,0.01271417
1.648669,0.01181409
1.660483,0.01170057
1.672184,0.01096713
1.683151,0.01021739
1.693368,0.01041543
1.703784,0.01031588
1.7141,0.01024224
1.724342,0.01033613
1.734678,0.01049548
1.745174,0.01096573
1.756139,0.01070079
1.76684,0.01170075
1.778541,0.01170513
1.790246,0.01091791
1.801164,0.01134101
1.812505,0.01374695
1.826252,0.01051577
1.836768,0.01239066
1.849158,0.01265931
1.861818,0.01074887
1.872567,0.01154135
1.884108,0.01062066
1.894729,0.01023729
1.904966,0.01165846
1.916624,0.01048217
1.927106,0.01061501
1.937721,0.01052475
1.948246,0.01022559
1.958472,0.01004838
1.96852,0.01109978
1.97962,0.01089379
1.990514,0.01055623
2.00107,0.01004813
2.011118,0.01177226
2.02289,0.01347755
2.036368,0.01057804
2.046946,0.01065006
2.057596,0.01115949
2.068756,0.01054032
2.079296,0.01208693
2.091383,0.01101026
2.102393,0.01002601
2.112419,0.01057081
2.12299,0.01002943
2.133019,0.01035647
2.143376,0.01013979
2.153516,0.0100239
2.163539,0.01015095
2.17369,0.01073074
2.184421,0.01068905
2.19511,0.0117492
2.206859,0.01246495
2.219324,0.01014165
2.229466,0.01134632
2.240812,0.01154499
2.252357,0.01102289
2.26338,0.01023712
2.273617,0.01156162
2.285179,0.01241892
2.297598,0.01081685
2.308415,0.01184653
2.320261,0.01107646
2.331338,0.01091929
2.342257,0.0127293
2.354986,0.01234348
2.36733,0.01028697
2.377617,0.01124735
2.388864,0.01275797
2.401622,0.01018183
2.411804,0.01055678
2.422361,0.01197726
2.434338,0.01205247
2.44639,0.01254693
2.458937,0.0111327
2.47007,0.01067414
2.480744,0.01012064
2.490865,0.01273107
2.503596,0.0109744
2.51457,0.01048006
2.52505,0.01136726
2.536418,0.01245991
2.548878,0.01346513
2.562343,0.01545112
2.577794,0.01017601
2.58797,0.0102451
2.598215,0.01070856
2.608923,0.01073419
2.619658,0.01122189
2.63088,0.0106918
2.641571,0.01015973
2.651731,0.01017083
2.661902,0.01080604
2.672708,0.01129334
2.684001,0.01211173
2.696113,0.01041607
2.706529,0.01106608
2.717595,0.01066073
2.728256,0.01006577
2.738322,0.0104567
2.748778,0.01103134
2.75981,0.01023323
2.770043,0.01076998
2.780813,0.01126795
2.792081,0.01146367
2.803544,0.01001852
2.813563,0.01007953
2.823643,0.01151471
2.835157,0.01047666
2.845634,0.01177272
2.857407,0.01103958
2.868446,0.01076419
2.87921,0.01041039
2.889621,0.01034443
2.899965,0.01245326
2.912418,0.01071692
2.923135,0.01089399
2.934029,0.01136242
2.945392,0.01214535
2.957537,0.01042922
2.967966,0.01284665
2.980813,0.01159508
2.992408,0.01050955
3.002918,0.01030167
3.013219,0.01168412
3.024903,0.01240806
3.037312,0.01236184
3.049673,0.01565399
3.065327,0.01292158
3.078249,0.01110081
3.08935,0.01142548
3.100775,0.01058745
3.111363,0.01360793
3.124971,0.01067761
3.135648,0.01080714
3.146455,0.01130732
3.157763,0.0149017
3.172664,0.01242745
3.185092,0.01002676
3.195119,0.01897667
3.214095,0.01361815
3.227713,0.01622299
3.243936,0.01432809
3.258264,0.01179197
3.270056,0.01043384
3.28049,0.01130971
3.2918,0.01395502
3.305755,0.01609339
3.321848,0.01101748
3.332866,0.01626757
3.349133,0.02852079
3.377654,0.01029685
3.387951,0.01398753
3.401939,0.01161797
3.413557,0.01041627
3.423973,0.01164657
3.435619,0.01145374
3.447073,0.01795332
3.465027,0.01110428
3.476131,0.0127396
3.48887,0.01337537
3.502246,0.01478919
3.517035,0.01390211
3.530937,0.01872471
3.549662,0.02583557
3.575497,0.03108491
3.606582,0.02673938
3.633322,0.01386151
3.647183,0.02040716
3.66759,0.01309041
3.680681,0.01392577
3.694606,0.01454887
3.709155,0.01509253
3.724248,0.02434857
3.748596,0.02613188
3.774728,0.03656708
3.811295,0.01855067
3.829846,0.01686246
3.846709,0.01800359
3.864712,0.03744488
3.902157,0.01254927
3.914706,0.02860538
3.943312,0.01640134
3.959713,0.02189635
3.981609,0.0322275
